0 0 8 19 32
0 1 8 19 32
0 10 8 19 32
0 11 8 19 32
0 12 8 19 32
0 13 8 19 32
0 14 7 18 31
0 15 8 19 32
0 16 7 18 31
0 17 8 19 32
0 18 7 18 31
0 19 8 19 32
0 2 8 19 32
0 20 7 18 31
0 21 8 19 32
0 22 7 18 31
0 23 8 19 32
0 24 2 13 26
0 25 8 19 32
0 26 37 38 39 40 41 42
0 27 37 38 39 40 41 42
0 28 37 38 39 40 41 42
0 29 37 38 39 40 41 42
0 3 8 19 32
0 30 37 38 39 40 41 42
0 31 37 38 39 40 41 42
0 32 37 38 39 40 41 42
0 33 37 38 39 40 41 42
0 34 37 38 39 40 41 42
0 35 37 38 39 40 41 42
0 36 37 38 39 40 41 42
0 37 37 38 39 40 41 42
0 38 1 12 25
0 39 7 18 31
0 4 8 19 32
0 40 8 19 32
0 41 7 18 31
0 42 8 19 32
0 43 7 18 31
0 44 8 19 32
0 45 7 18 31
0 46 8 19 32
0 47 7 18 31
0 48 8 19 32
0 49 7 18 31
0 5 8 19 32
0 50 7 18 31
0 51 7 18 31
0 52 7 18 31
0 53 7 18 31
0 54 7 18 31
0 55 7 18 31
0 56 7 18 31
0 57 7 18 31
0 58 7 18 31
0 59 7 18 31
0 6 8 19 32
0 60 7 18 31
0 61 7 18 31
0 62 7 18 31
0 63 7 18 31
0 7 8 19 32
0 8 8 19 32
0 9 8 19 32
11 0 10 21 34
11 1 10 21 34
11 10 10 21 34
11 11 10 21 34
11 12 10 21 34
11 13 10 21 34
11 14 10 21 34
11 15 10 21 34
11 16 10 21 34
11 17 10 21 34
11 18 10 21 34
11 19 10 21 34
11 2 10 21 34
11 20 10 21 34
11 21 10 21 34
11 22 10 21 34
11 23 10 21 34
11 24 10 21 34
11 25 10 21 34
11 26 10 21 34
11 27 10 21 34
11 28 10 21 34
11 29 10 21 34
11 3 10 21 34
11 30 10 21 34
11 31 10 21 34
11 32 10 21 34
11 33 10 21 34
11 34 10 21 34
11 35 10 21 34
11 36 9 20 33
11 37 10 21 34
11 38 9 20 33
11 4 10 21 34
11 40 9 20 33
11 41 37 38 39 40 41 42
11 42 9 20 33
11 43 37 38 39 40 41 42
11 44 9 20 33
11 45 37 38 39 40 41 42
11 46 9 20 33
11 47 37 38 39 40 41 42
11 48 9 20 33
11 49 37 38 39 40 41 42
11 5 10 21 34
11 50 9 20 33
11 51 37 38 39 40 41 42
11 52 37 38 39 40 41 42
11 53 37 38 39 40 41 42
11 54 37 38 39 40 41 42
11 55 37 38 39 40 41 42
11 56 37 38 39 40 41 42
11 57 37 38 39 40 41 42
11 58 37 38 39 40 41 42
11 59 37 38 39 40 41 42
11 6 10 21 34
11 60 37 38 39 40 41 42
11 61 37 38 39 40 41 42
11 62 37 38 39 40 41 42
11 63 37 38 39 40 41 42
11 8 10 21 34
11 9 10 21 34
12 0 11 22 35
12 1 11 22 35
12 10 11 22 35
12 11 11 22 35
12 12 11 22 35
12 13 11 22 35
12 14 11 22 35
12 15 11 22 35
12 16 11 22 35
12 17 11 22 35
12 18 11 22 35
12 19 11 22 35
12 2 11 22 35
12 20 11 22 35
12 21 11 22 35
12 22 11 22 35
12 23 11 22 35
12 24 11 22 35
12 25 11 22 35
12 26 11 22 35
12 27 11 22 35
12 28 11 22 35
12 29 11 22 35
12 3 11 22 35
12 30 11 22 35
12 31 11 22 35
12 32 11 22 35
12 33 11 22 35
12 34 11 22 35
12 35 11 22 35
12 36 11 22 35
12 37 11 22 35
12 38 11 22 35
12 39 11 22 35
12 4 11 22 35
12 40 11 22 35
12 41 11 22 35
12 42 11 22 35
12 43 11 22 35
12 44 11 22 35
12 45 11 22 35
12 46 11 22 35
12 47 11 22 35
12 48 11 22 35
12 49 11 22 35
12 5 11 22 35
12 50 11 22 35
12 51 11 22 35
12 52 11 22 35
12 53 11 22 35
12 54 11 22 35
12 55 11 22 35
12 56 11 22 35
12 57 11 22 35
12 58 11 22 35
12 59 11 22 35
12 6 11 22 35
12 60 11 22 35
12 61 11 22 35
12 62 11 22 35
12 63 11 22 35
12 7 11 22 35
12 8 11 22 35
12 9 11 22 35
13 0 12 23 36
13 1 12 23 36
13 10 12 23 36
13 11 12 23 36
13 12 12 23 36
13 13 12 23 36
13 14 12 23 36
13 15 12 23 36
13 16 12 23 36
13 17 12 23 36
13 18 12 23 36
13 19 12 23 36
13 2 12 23 36
13 20 12 23 36
13 21 12 23 36
13 22 12 23 36
13 23 12 23 36
13 24 12 23 36
13 25 12 23 36
13 26 12 23 36
13 27 12 23 36
13 28 12 23 36
13 29 12 23 36
13 3 12 23 36
13 30 12 23 36
13 31 12 23 36
13 32 12 23 36
13 33 12 23 36
13 34 12 23 36
13 35 12 23 36
13 36 12 23 36
13 37 12 23 36
13 38 12 23 36
13 39 12 23 36
13 4 12 23 36
13 40 12 23 36
13 41 12 23 36
13 42 12 23 36
13 43 12 23 36
13 44 12 23 36
13 45 12 23 36
13 46 12 23 36
13 47 12 23 36
13 48 12 23 36
13 49 12 23 36
13 5 12 23 36
13 50 12 23 36
13 51 12 23 36
13 52 12 23 36
13 53 12 23 36
13 54 12 23 36
13 55 12 23 36
13 56 12 23 36
13 57 12 23 36
13 58 12 23 36
13 59 12 23 36
13 6 12 23 36
13 60 12 23 36
13 61 12 23 36
13 62 12 23 36
13 7 12 23 36
13 8 12 23 36
13 9 12 23 36
14 0 6 17 30
14 1 6 17 30
14 10 6 17 30
14 11 6 17 30
14 12 6 17 30
14 13 6 17 30
14 14 6 17 30
14 15 6 17 30
14 16 6 17 30
14 17 6 17 30
14 18 6 17 30
14 19 6 17 30
14 2 6 17 30
14 20 6 17 30
14 21 6 17 30
14 22 6 17 30
14 23 6 17 30
14 24 6 17 30
14 25 6 17 30
14 26 6 17 30
14 27 6 17 30
14 28 6 17 30
14 29 6 17 30
14 3 6 17 30
14 30 6 17 30
14 31 6 17 30
14 32 6 17 30
14 33 6 17 30
14 34 6 17 30
14 35 6 17 30
14 36 6 17 30
14 37 6 17 30
14 38 6 17 30
14 39 6 17 30
14 4 6 17 30
14 40 6 17 30
14 41 6 17 30
14 42 6 17 30
14 43 6 17 30
14 44 6 17 30
14 45 6 17 30
14 46 6 17 30
14 47 6 17 30
14 48 6 17 30
14 49 6 17 30
14 5 6 17 30
14 50 6 17 30
14 51 6 17 30
14 52 6 17 30
14 53 6 17 30
14 54 6 17 30
14 55 6 17 30
14 56 6 17 30
14 57 6 17 30
14 58 6 17 30
14 59 6 17 30
14 6 6 17 30
14 60 6 17 30
14 61 6 17 30
14 63 6 17 30
14 7 6 17 30
14 8 6 17 30
14 9 6 17 30
15 0 12 23 36
15 1 12 23 36
15 10 12 23 36
15 11 12 23 36
15 12 12 23 36
15 13 12 23 36
15 14 12 23 36
15 15 12 23 36
15 16 12 23 36
15 17 12 23 36
15 18 12 23 36
15 19 12 23 36
15 2 12 23 36
15 20 37 38 39 40 41 42
15 21 37 38 39 40 41 42
15 22 37 38 39 40 41 42
15 23 37 38 39 40 41 42
15 24 37 38 39 40 41 42
15 25 37 38 39 40 41 42
15 26 37 38 39 40 41 42
15 27 37 38 39 40 41 42
15 28 37 38 39 40 41 42
15 29 37 38 39 40 41 42
15 3 12 23 36
15 30 37 38 39 40 41 42
15 31 37 38 39 40 41 42
15 32 37 38 39 40 41 42
15 33 37 38 39 40 41 42
15 34 37 38 39 40 41 42
15 35 37 38 39 40 41 42
15 36 37 38 39 40 41 42
15 37 37 38 39 40 41 42
15 39 37 38 39 40 41 42
15 4 12 23 36
15 41 37 38 39 40 41 42
15 43 37 38 39 40 41 42
15 44 11 22 35
15 45 11 22 35
15 46 11 22 35
15 47 11 22 35
15 48 11 22 35
15 49 11 22 35
15 5 12 23 36
15 50 11 22 35
15 51 11 22 35
15 52 11 22 35
15 53 11 22 35
15 54 11 22 35
15 55 11 22 35
15 56 11 22 35
15 57 11 22 35
15 58 11 22 35
15 59 11 22 35
15 6 12 23 36
15 60 11 22 35
15 61 11 22 35
15 62 11 22 35
15 63 11 22 35
15 7 12 23 36
15 8 12 23 36
15 9 12 23 36
16 0 4 15 28
16 1 4 15 28
16 10 4 15 28
16 11 4 15 28
16 12 4 15 28
16 13 4 15 28
16 14 4 15 28
16 15 4 15 28
16 16 4 15 28
16 17 4 15 28
16 18 4 15 28
16 19 4 15 28
16 2 4 15 28
16 20 4 15 28
16 21 4 15 28
16 22 4 15 28
16 23 4 15 28
16 24 4 15 28
16 25 4 15 28
16 26 4 15 28
16 27 4 15 28
16 28 4 15 28
16 29 4 15 28
16 3 4 15 28
16 30 4 15 28
16 31 4 15 28
16 32 4 15 28
16 33 4 15 28
16 34 4 15 28
16 35 4 15 28
16 36 4 15 28
16 37 4 15 28
16 38 4 15 28
16 39 4 15 28
16 4 4 15 28
16 40 4 15 28
16 41 4 15 28
16 42 4 15 28
16 43 4 15 28
16 44 4 15 28
16 45 4 15 28
16 46 4 15 28
16 47 4 15 28
16 48 4 15 28
16 49 4 15 28
16 5 4 15 28
16 50 4 15 28
16 51 4 15 28
16 52 4 15 28
16 53 4 15 28
16 54 4 15 28
16 55 4 15 28
16 56 4 15 28
16 57 4 15 28
16 58 4 15 28
16 59 4 15 28
16 6 4 15 28
16 60 4 15 28
16 61 4 15 28
16 62 4 15 28
16 63 4 15 28
16 7 4 15 28
16 8 4 15 28
16 9 4 15 28
17 0 10 21 34
17 1 10 21 34
17 10 10 21 34
17 11 10 21 34
17 12 10 21 34
17 13 10 21 34
17 14 10 21 34
17 15 10 21 34
17 16 10 21 34
17 17 10 21 34
17 18 10 21 34
17 19 10 21 34
17 2 10 21 34
17 20 10 21 34
17 21 10 21 34
17 22 10 21 34
17 23 10 21 34
17 24 10 21 34
17 25 10 21 34
17 26 10 21 34
17 27 10 21 34
17 28 10 21 34
17 29 10 21 34
17 3 10 21 34
17 30 10 21 34
17 31 10 21 34
17 32 10 21 34
17 33 10 21 34
17 34 10 21 34
17 35 10 21 34
17 36 10 21 34
17 37 10 21 34
17 38 10 21 34
17 39 10 21 34
17 4 10 21 34
17 40 10 21 34
17 41 10 21 34
17 42 10 21 34
17 43 10 21 34
17 44 10 21 34
17 45 10 21 34
17 46 10 21 34
17 47 10 21 34
17 48 10 21 34
17 49 10 21 34
17 5 10 21 34
17 50 10 21 34
17 51 10 21 34
17 52 10 21 34
17 53 10 21 34
17 54 10 21 34
17 55 10 21 34
17 56 10 21 34
17 57 10 21 34
17 58 10 21 34
17 59 10 21 34
17 6 10 21 34
17 60 10 21 34
17 61 10 21 34
17 62 10 21 34
17 63 10 21 34
17 7 10 21 34
17 8 10 21 34
17 9 10 21 34
18 0 3 14 27
18 1 3 14 27
18 10 3 14 27
18 11 3 14 27
18 12 3 14 27
18 13 3 14 27
18 14 3 14 27
18 15 3 14 27
18 16 3 14 27
18 17 3 14 27
18 18 3 14 27
18 19 3 14 27
18 2 3 14 27
18 20 3 14 27
18 21 3 14 27
18 22 3 14 27
18 23 3 14 27
18 24 3 14 27
18 25 3 14 27
18 26 3 14 27
18 27 3 14 27
18 28 3 14 27
18 29 3 14 27
18 3 3 14 27
18 30 3 14 27
18 31 3 14 27
18 32 3 14 27
18 33 3 14 27
18 34 3 14 27
18 35 3 14 27
18 36 3 14 27
18 37 3 14 27
18 38 3 14 27
18 39 3 14 27
18 4 3 14 27
18 40 3 14 27
18 41 3 14 27
18 42 3 14 27
18 43 3 14 27
18 44 3 14 27
18 45 3 14 27
18 46 3 14 27
18 47 3 14 27
18 48 3 14 27
18 49 3 14 27
18 5 3 14 27
18 50 3 14 27
18 51 3 14 27
18 52 3 14 27
18 53 3 14 27
18 54 3 14 27
18 55 3 14 27
18 56 3 14 27
18 57 3 14 27
18 58 3 14 27
18 59 3 14 27
18 6 3 14 27
18 60 3 14 27
18 61 3 14 27
18 62 3 14 27
18 63 3 14 27
18 7 3 14 27
18 8 3 14 27
18 9 3 14 27
19 0 5 16 29
19 1 5 16 29
19 10 5 16 29
19 11 5 16 29
19 12 5 16 29
19 13 5 16 29
19 14 5 16 29
19 15 5 16 29
19 16 5 16 29
19 17 5 16 29
19 18 5 16 29
19 19 5 16 29
19 2 5 16 29
19 20 5 16 29
19 21 5 16 29
19 22 5 16 29
19 23 5 16 29
19 24 5 16 29
19 25 5 16 29
19 26 5 16 29
19 27 5 16 29
19 28 5 16 29
19 29 5 16 29
19 3 5 16 29
19 30 5 16 29
19 31 5 16 29
19 32 5 16 29
19 33 5 16 29
19 34 5 16 29
19 35 5 16 29
19 36 5 16 29
19 37 5 16 29
19 38 5 16 29
19 39 5 16 29
19 4 5 16 29
19 40 5 16 29
19 41 5 16 29
19 42 5 16 29
19 43 5 16 29
19 44 5 16 29
19 45 5 16 29
19 46 5 16 29
19 47 5 16 29
19 48 5 16 29
19 49 5 16 29
19 5 5 16 29
19 50 5 16 29
19 51 5 16 29
19 52 5 16 29
19 53 5 16 29
19 54 5 16 29
19 55 5 16 29
19 56 5 16 29
19 57 5 16 29
19 58 5 16 29
19 59 5 16 29
19 6 5 16 29
19 60 5 16 29
19 61 5 16 29
19 62 5 16 29
19 7 5 16 29
19 8 5 16 29
19 9 5 16 29
2 0 6 17 30
2 1 6 17 30
2 10 6 17 30
2 11 6 17 30
2 12 6 17 30
2 13 6 17 30
2 14 6 17 30
2 15 6 17 30
2 16 6 17 30
2 17 6 17 30
2 18 6 17 30
2 19 6 17 30
2 2 6 17 30
2 20 6 17 30
2 21 6 17 30
2 22 6 17 30
2 23 6 17 30
2 24 6 17 30
2 25 6 17 30
2 26 6 17 30
2 27 6 17 30
2 28 6 17 30
2 29 6 17 30
2 3 6 17 30
2 30 6 17 30
2 31 6 17 30
2 32 6 17 30
2 33 6 17 30
2 34 6 17 30
2 35 6 17 30
2 36 6 17 30
2 37 6 17 30
2 38 6 17 30
2 39 6 17 30
2 4 6 17 30
2 40 6 17 30
2 41 6 17 30
2 42 6 17 30
2 43 6 17 30
2 44 6 17 30
2 45 6 17 30
2 46 6 17 30
2 47 6 17 30
2 48 6 17 30
2 49 6 17 30
2 5 6 17 30
2 50 6 17 30
2 51 6 17 30
2 52 6 17 30
2 53 6 17 30
2 54 6 17 30
2 55 6 17 30
2 56 6 17 30
2 57 6 17 30
2 58 6 17 30
2 59 6 17 30
2 6 6 17 30
2 60 6 17 30
2 61 6 17 30
2 62 6 17 30
2 63 6 17 30
2 7 6 17 30
2 8 6 17 30
2 9 6 17 30
254 0 5 16 29
254 1 5 16 29
254 10 5 16 29
254 11 5 16 29
254 12 5 16 29
254 13 5 16 29
254 14 5 16 29
254 15 5 16 29
254 16 5 16 29
254 17 5 16 29
254 18 5 16 29
254 19 5 16 29
254 2 5 16 29
254 20 5 16 29
254 21 5 16 29
254 22 5 16 29
254 23 5 16 29
254 24 5 16 29
254 25 5 16 29
254 26 5 16 29
254 27 5 16 29
254 28 5 16 29
254 29 5 16 29
254 3 5 16 29
254 30 5 16 29
254 31 5 16 29
254 32 5 16 29
254 33 5 16 29
254 34 5 16 29
254 35 5 16 29
254 36 5 16 29
254 37 5 16 29
254 38 5 16 29
254 39 5 16 29
254 4 5 16 29
254 40 5 16 29
254 41 5 16 29
254 42 5 16 29
254 43 5 16 29
254 44 5 16 29
254 45 5 16 29
254 46 5 16 29
254 47 5 16 29
254 48 5 16 29
254 49 5 16 29
254 5 5 16 29
254 50 5 16 29
254 51 5 16 29
254 52 5 16 29
254 53 5 16 29
254 54 5 16 29
254 55 5 16 29
254 56 5 16 29
254 57 5 16 29
254 58 5 16 29
254 59 5 16 29
254 6 5 16 29
254 60 5 16 29
254 61 5 16 29
254 62 5 16 29
254 63 5 16 29
254 7 5 16 29
254 8 5 16 29
254 9 5 16 29
26 0 3 14 27
26 1 3 14 27
26 10 3 14 27
26 11 3 14 27
26 12 3 14 27
26 13 3 14 27
26 14 3 14 27
26 15 3 14 27
26 16 3 14 27
26 17 3 14 27
26 18 3 14 27
26 19 3 14 27
26 2 3 14 27
26 20 3 14 27
26 21 3 14 27
26 22 3 14 27
26 23 3 14 27
26 24 3 14 27
26 25 3 14 27
26 26 3 14 27
26 27 3 14 27
26 28 3 14 27
26 29 3 14 27
26 3 3 14 27
26 30 3 14 27
26 31 3 14 27
26 32 3 14 27
26 33 3 14 27
26 34 3 14 27
26 35 3 14 27
26 36 4 15 28
26 37 3 14 27
26 38 4 15 28
26 39 37 38 39 40 41 42
26 4 3 14 27
26 40 4 15 28
26 41 37 38 39 40 41 42
26 42 4 15 28
26 43 37 38 39 40 41 42
26 44 4 15 28
26 45 37 38 39 40 41 42
26 46 4 15 28
26 47 37 38 39 40 41 42
26 48 4 15 28
26 49 37 38 39 40 41 42
26 5 3 14 27
26 50 4 15 28
26 51 37 38 39 40 41 42
26 52 37 38 39 40 41 42
26 53 37 38 39 40 41 42
26 54 37 38 39 40 41 42
26 55 37 38 39 40 41 42
26 56 37 38 39 40 41 42
26 57 37 38 39 40 41 42
26 58 37 38 39 40 41 42
26 59 37 38 39 40 41 42
26 6 3 14 27
26 60 37 38 39 40 41 42
26 61 37 38 39 40 41 42
26 62 37 38 39 40 41 42
26 63 37 38 39 40 41 42
26 8 3 14 27
26 9 3 14 27
27 0 4 15 28
27 1 4 15 28
27 10 4 15 28
27 11 4 15 28
27 12 4 15 28
27 13 4 15 28
27 14 4 15 28
27 15 4 15 28
27 16 4 15 28
27 17 4 15 28
27 18 4 15 28
27 19 4 15 28
27 2 4 15 28
27 20 4 15 28
27 21 4 15 28
27 22 4 15 28
27 23 4 15 28
27 24 4 15 28
27 25 4 15 28
27 26 4 15 28
27 27 4 15 28
27 28 4 15 28
27 29 4 15 28
27 3 4 15 28
27 30 4 15 28
27 31 4 15 28
27 32 4 15 28
27 33 4 15 28
27 34 4 15 28
27 35 4 15 28
27 36 4 15 28
27 37 3 14 27
27 39 3 14 27
27 4 4 15 28
27 40 37 38 39 40 41 42
27 41 3 14 27
27 42 37 38 39 40 41 42
27 43 3 14 27
27 44 37 38 39 40 41 42
27 45 3 14 27
27 46 37 38 39 40 41 42
27 47 3 14 27
27 48 37 38 39 40 41 42
27 49 3 14 27
27 5 4 15 28
27 50 37 38 39 40 41 42
27 51 3 14 27
27 52 37 38 39 40 41 42
27 53 37 38 39 40 41 42
27 54 37 38 39 40 41 42
27 55 37 38 39 40 41 42
27 56 37 38 39 40 41 42
27 57 37 38 39 40 41 42
27 58 37 38 39 40 41 42
27 59 37 38 39 40 41 42
27 60 37 38 39 40 41 42
27 61 37 38 39 40 41 42
27 62 37 38 39 40 41 42
27 63 37 38 39 40 41 42
27 7 4 15 28
27 8 4 15 28
27 9 4 15 28
28 0 9 20 33
28 1 9 20 33
28 10 9 20 33
28 11 9 20 33
28 12 9 20 33
28 13 9 20 33
28 14 9 20 33
28 15 9 20 33
28 16 9 20 33
28 17 9 20 33
28 18 9 20 33
28 19 9 20 33
28 2 9 20 33
28 20 9 20 33
28 21 9 20 33
28 22 9 20 33
28 23 9 20 33
28 24 9 20 33
28 25 9 20 33
28 26 9 20 33
28 27 9 20 33
28 28 9 20 33
28 29 9 20 33
28 3 9 20 33
28 30 9 20 33
28 31 9 20 33
28 32 9 20 33
28 33 9 20 33
28 34 9 20 33
28 35 9 20 33
28 36 9 20 33
28 37 9 20 33
28 38 9 20 33
28 39 9 20 33
28 4 9 20 33
28 40 9 20 33
28 41 9 20 33
28 42 9 20 33
28 43 9 20 33
28 44 9 20 33
28 45 9 20 33
28 46 9 20 33
28 47 9 20 33
28 48 9 20 33
28 49 9 20 33
28 5 9 20 33
28 50 9 20 33
28 51 9 20 33
28 52 9 20 33
28 53 9 20 33
28 54 9 20 33
28 55 9 20 33
28 56 9 20 33
28 57 9 20 33
28 58 9 20 33
28 59 9 20 33
28 6 9 20 33
28 60 9 20 33
28 61 9 20 33
28 62 9 20 33
28 63 9 20 33
28 7 9 20 33
28 8 9 20 33
28 9 9 20 33
30 0 9 20 33
30 1 9 20 33
30 10 9 20 33
30 11 9 20 33
30 12 9 20 33
30 13 9 20 33
30 14 9 20 33
30 15 9 20 33
30 16 9 20 33
30 17 9 20 33
30 18 9 20 33
30 19 9 20 33
30 2 9 20 33
30 20 9 20 33
30 21 9 20 33
30 22 9 20 33
30 23 9 20 33
30 24 9 20 33
30 25 9 20 33
30 26 9 20 33
30 27 9 20 33
30 28 9 20 33
30 29 9 20 33
30 3 9 20 33
30 30 9 20 33
30 31 9 20 33
30 32 9 20 33
30 33 9 20 33
30 34 9 20 33
30 35 9 20 33
30 36 9 20 33
30 37 10 21 34
30 38 37 38 39 40 41 42
30 39 10 21 34
30 4 9 20 33
30 40 37 38 39 40 41 42
30 41 10 21 34
30 42 37 38 39 40 41 42
30 43 10 21 34
30 44 37 38 39 40 41 42
30 45 10 21 34
30 46 37 38 39 40 41 42
30 47 10 21 34
30 48 37 38 39 40 41 42
30 49 10 21 34
30 5 9 20 33
30 50 37 38 39 40 41 42
30 51 10 21 34
30 52 37 38 39 40 41 42
30 53 37 38 39 40 41 42
30 54 37 38 39 40 41 42
30 55 37 38 39 40 41 42
30 56 37 38 39 40 41 42
30 57 37 38 39 40 41 42
30 58 37 38 39 40 41 42
30 59 37 38 39 40 41 42
30 60 37 38 39 40 41 42
30 61 37 38 39 40 41 42
30 62 37 38 39 40 41 42
30 63 37 38 39 40 41 42
30 7 9 20 33
30 8 9 20 33
30 9 9 20 33
31 0 6 17 30
31 1 6 17 30
31 10 6 17 30
31 11 6 17 30
31 12 6 17 30
31 13 6 17 30
31 14 6 17 30
31 15 6 17 30
31 16 6 17 30
31 17 6 17 30
31 18 6 17 30
31 19 6 17 30
31 2 6 17 30
31 20 37 38 39 40 41 42
31 21 37 38 39 40 41 42
31 22 37 38 39 40 41 42
31 23 37 38 39 40 41 42
31 24 37 38 39 40 41 42
31 25 37 38 39 40 41 42
31 26 37 38 39 40 41 42
31 27 37 38 39 40 41 42
31 28 37 38 39 40 41 42
31 29 37 38 39 40 41 42
31 3 6 17 30
31 30 37 38 39 40 41 42
31 31 37 38 39 40 41 42
31 32 37 38 39 40 41 42
31 33 37 38 39 40 41 42
31 34 37 38 39 40 41 42
31 35 37 38 39 40 41 42
31 36 37 38 39 40 41 42
31 37 37 38 39 40 41 42
31 38 37 38 39 40 41 42
31 4 6 17 30
31 40 37 38 39 40 41 42
31 42 37 38 39 40 41 42
31 44 5 16 29
31 45 5 16 29
31 46 5 16 29
31 47 5 16 29
31 48 5 16 29
31 49 5 16 29
31 5 6 17 30
31 50 5 16 29
31 51 5 16 29
31 52 5 16 29
31 53 5 16 29
31 54 5 16 29
31 55 5 16 29
31 56 5 16 29
31 57 5 16 29
31 58 5 16 29
31 59 5 16 29
31 6 6 17 30
31 60 5 16 29
31 61 5 16 29
31 62 5 16 29
31 63 5 16 29
31 7 6 17 30
31 8 6 17 30
31 9 6 17 30
32 0 12 23 36
32 1 12 23 36
32 10 12 23 36
32 11 12 23 36
32 12 12 23 36
32 13 12 23 36
32 14 12 23 36
32 15 12 23 36
32 16 12 23 36
32 17 12 23 36
32 18 12 23 36
32 19 12 23 36
32 2 12 23 36
32 20 12 23 36
32 21 12 23 36
32 22 12 23 36
32 23 12 23 36
32 24 12 23 36
32 25 12 23 36
32 26 12 23 36
32 27 12 23 36
32 28 12 23 36
32 29 12 23 36
32 3 12 23 36
32 30 12 23 36
32 31 12 23 36
32 32 12 23 36
32 33 12 23 36
32 34 12 23 36
32 35 12 23 36
32 36 12 23 36
32 37 12 23 36
32 38 12 23 36
32 39 12 23 36
32 4 12 23 36
32 40 12 23 36
32 41 12 23 36
32 42 12 23 36
32 43 12 23 36
32 44 12 23 36
32 45 12 23 36
32 46 12 23 36
32 47 12 23 36
32 48 12 23 36
32 49 12 23 36
32 5 12 23 36
32 50 12 23 36
32 51 12 23 36
32 52 12 23 36
32 53 12 23 36
32 54 12 23 36
32 55 12 23 36
32 56 12 23 36
32 57 12 23 36
32 58 12 23 36
32 59 12 23 36
32 6 12 23 36
32 60 12 23 36
32 61 12 23 36
32 62 12 23 36
32 63 12 23 36
32 7 12 23 36
32 8 12 23 36
32 9 12 23 36
5 0 11 22 35
5 1 11 22 35
5 10 11 22 35
5 11 11 22 35
5 12 11 22 35
5 13 11 22 35
5 14 11 22 35
5 15 11 22 35
5 16 11 22 35
5 17 11 22 35
5 18 11 22 35
5 19 11 22 35
5 2 11 22 35
5 20 11 22 35
5 21 11 22 35
5 22 11 22 35
5 23 11 22 35
5 24 11 22 35
5 25 11 22 35
5 26 11 22 35
5 27 11 22 35
5 28 11 22 35
5 29 11 22 35
5 3 11 22 35
5 30 11 22 35
5 31 11 22 35
5 32 11 22 35
5 33 11 22 35
5 34 11 22 35
5 35 11 22 35
5 36 11 22 35
5 37 11 22 35
5 38 11 22 35
5 39 11 22 35
5 4 11 22 35
5 40 11 22 35
5 41 11 22 35
5 42 11 22 35
5 43 11 22 35
5 44 11 22 35
5 45 11 22 35
5 46 11 22 35
5 47 11 22 35
5 48 11 22 35
5 49 11 22 35
5 5 11 22 35
5 50 11 22 35
5 51 11 22 35
5 52 11 22 35
5 53 11 22 35
5 54 11 22 35
5 55 11 22 35
5 56 11 22 35
5 57 11 22 35
5 58 11 22 35
5 59 11 22 35
5 6 11 22 35
5 60 11 22 35
5 61 11 22 35
5 63 11 22 35
5 7 11 22 35
5 8 11 22 35
5 9 11 22 35
